SIZES
  nstack                1703936
  nbuffer               93872
  nplugin               0
  maxuse_stack          282
  maxuse_arena          12312
  maxuse_con            6
  maxuse_efc            24
  solver_iter           2
  solver_nnz            36
  nbodypair_broad       4
  nbodypair_narrow      4
  ngeompair_mid         4
  ngeompair_narrow      4
  ne                    0
  nf                    0
  nefc                  16
  nnzJ                  96
  ncon                  4

TIMER
    0:  duration =  0.2        number = 1
    1:  duration =  0.18       number = 1
    2:  duration =  0          number = 0
    3:  duration =  0.31       number = 2
    4:  duration =  0.0091     number = 2
    5:  duration =  0.0069     number = 2
    6:  duration =  0.0068     number = 2
    7:  duration =  0.033      number = 2
    8:  duration =  0.028      number = 2
    9:  duration =  0.0063     number = 2
    10:  duration =  0.25       number = 2
    11:  duration =  0.029      number = 2
    12:  duration =  0.0005     number = 2

SOLVER STAT
  solver_iter = 2
  solver_nnz = 36
    0:  improvement =  4.5       gradient =  3         lineslope =  0       
        nactive = 14   nchange = 1   neval = 3   nupdate = 1
    1:  improvement =  1.1       gradient =  1.5e-14   lineslope =  0       
        nactive = 14   nchange = 0   neval = 2   nupdate = 0
solver_fwdinv =   0         0       

ENERGY =   0         0       

TIME =  1e+02   

QPOS
   1.7     
   0.12    
   2.1     
   0.24    
   0.91    
   1.1     

QVEL
   0.0048  
  -0.0026  
  -0.0074  
   0.1     
   0.064   
   0.47    

QACC_WARMSTART
   7.5     
  -2.5     
  -9.7     
   1.4e+02 
   22      
   6.8e+02 

CTRL
   0       
   0       
   0       
   0       
   0       
   0       

QFRC_APPLIED
   55      
   24      
  -1.5e+02 
  -3       
  -9.2     
   0.0094  

XFRC_APPLIED
   0         0         0         0         0         0       
   0         0         0         0         0         0       
   0         0         0         0         0         0       
   0         0         0         0         0         0       
   0         0         0         0         0         0       
   0         0         0         0         0         0       
   0         0         0         0         0         0       
   0         0         0         0         0         0       
   0         0         0         0         0         0       

MOCAP_POS
   0.41      0.16      0.25    

MOCAP_QUAT
   1         0         0         0       

QACC
   7.5     
  -2.5     
  -9.7     
   1.4e+02 
   22      
   6.8e+02 

XPOS
   0         0         0       
   0.41      0.16      0.25    
   0         0         0       
   0         0         0.17    
  -0.086    -0.0084    0.17    
  -0.039    -0.0039    0.55    
   0.23      0.023     0.24    
   0.23      0.023     0.24    
   0.23      0.049     0.1     

XQUAT
   1         0         0         0       
   1         0         0         0       
   0.71      0         0        -0.71    
   1         0         0         0.049   
   0.55     -0.51     -0.49     -0.44    
   0.28     -0.34      0.62      0.65    
   0.43      0.062     0.9       0.072   
  -0.77      0.64     -0.025     0.0086  
  -0.058     0.53      0.84      0.073   

XMAT
   1         0         0         0         1         0         0         0         1       
   1         0         0         0         1         0         0         0         1       
   0         1         0        -1         0        -0        -0         0         1       
   1        -0.097     0         0.097     1         0         0         0         1       
   0.12      0.99     -0.097     0.012     0.097     1         0.99     -0.12      8e-12   
  -0.62     -0.78     -0.097    -0.061    -0.076     1        -0.78      0.62      8e-12   
  -0.62      0.05      0.78      0.17      0.98      0.076    -0.76      0.18     -0.62    
   1        -0.019     0.05     -0.046     0.18      0.98     -0.028    -0.98      0.18    
  -0.42      0.91     -0.019     0.89      0.42      0.18      0.17      0.061    -0.98    

XIPOS
   0         0         0       
   0.41      0.16      0.25    
   0.0012   -0.0014    0.05    
  -0.042    -0.012     0.16    
  -0.055    -0.096     0.34    
  -0.044    -0.0097    0.51    
   0.09     -0.024     0.35    
   0.23      0.022     0.21    
   0.23      0.044     0.13    

XIMAT
   1         0         0         0         1         0         0         0         1       
   1         0         0         0         1         0         0         0         1       
   0.63      0.78      0.033    -0.78      0.63     -0.045    -0.055     0.0028    1       
  -0.45      0.17      0.88      0.81      0.5       0.31     -0.39      0.85     -0.36    
  -0.097    -0.99      0.12      1        -0.097     0.013    -0.0011    0.12      0.99    
  -0.71     -0.7      -0.073    -0.7       0.69      0.19     -0.083     0.19     -0.98    
  -0.62      0.24      0.74      0.17      0.97     -0.17     -0.76      0.022    -0.65    
   0.053    -1         0.00028   0.86      0.045    -0.52      0.52      0.028     0.86    
  -0.82      0.57      0.052     0.57      0.81      0.13      0.032     0.14     -0.99    

XANCHOR
   0         0         0.17    
  -0.086    -0.0084    0.17    
  -0.039    -0.0039    0.55    
   0.23      0.023     0.24    
   0.23      0.023     0.24    
   0.23      0.049     0.1     

XAXIS
   0         0         1       
  -0.097     1         8e-12   
  -0.097     1         8e-12   
   0.78      0.076    -0.62    
   0.05      0.98      0.18    
  -0.019     0.18     -0.98    

GEOM_XPOS
   0         0         0       
   0.4       0         0.17    
   0.41      0.16      0.25    
   0.0027   -0.00023   0.05    
  -0.00023  -0.0027    0.05    
  -0.043    -0.01      0.16    
  -0.043    -0.01      0.16    
  -0.055    -0.096     0.35    
  -0.055    -0.096     0.35    
  -0.043    -0.0075    0.5     
  -0.043    -0.0075    0.5     
   0.093    -0.022     0.35    
   0.093    -0.022     0.35    
   0.23      0.024     0.21    
   0.23      0.024     0.21    
   0.23      0.044     0.13    
   0.23      0.044     0.13    

GEOM_XMAT
   1         0         0         0         1         0         0         0         1       
   1         0         0         0         1         0         0         0         1       
   1         0         0         0         1         0         0         0         1       
   0.17     -0.98      0.083     0.99      0.17     -0.013    -0.0011    0.084     1       
   0.99      0.17     -0.013    -0.17      0.98     -0.083    -0.0011    0.084     1       
  -0.36      0.14      0.92      0.83      0.49      0.25     -0.42      0.86     -0.29    
  -0.36      0.14      0.92      0.83      0.49      0.25     -0.42      0.86     -0.29    
  -0.096    -0.99      0.12      1        -0.094     0.02     -0.0085    0.12      0.99    
  -0.096    -0.99      0.12      1        -0.094     0.02     -0.0085    0.12      0.99    
   0.29      0.96      0.012     0.95     -0.29      0.11      0.11     -0.019    -0.99    
   0.29      0.96      0.012     0.95     -0.29      0.11      0.11     -0.019    -0.99    
  -0.63      0.24      0.74      0.17      0.97     -0.17     -0.76      0.022    -0.65    
  -0.63      0.24      0.74      0.17      0.97     -0.17     -0.76      0.022    -0.65    
   1         0.053     0.008    -0.046     0.92     -0.39     -0.028     0.39      0.92    
   1         0.053     0.008    -0.046     0.92     -0.39     -0.028     0.39      0.92    
  -0.81      0.59      0.086     0.59      0.8       0.12      0.0015    0.15     -0.99    
  -0.81      0.59      0.086     0.59      0.8       0.12      0.0015    0.15     -0.99    

SITE_XPOS
   0.23      0.049     0.1     

SITE_XMAT
  -0.42      0.91     -0.019     0.89      0.42      0.18      0.17      0.061    -0.98    

LIGHT_XPOS
  -2        -1         3       
   2        -1         3       

LIGHT_XDIR
   0.67      0.33     -0.67    
  -0.67      0.33     -0.67    

SUBTREE_COM
   0.0062   -0.029     0.25    
   0.41      0.16      0.25    
   0.0044   -0.03      0.25    
   0.0053   -0.039     0.31    
   0.018    -0.046     0.36    
   0.078    -0.0049    0.37    
   0.15     -0.0021    0.28    
   0.23      0.028     0.19    
   0.23      0.044     0.13    

CDOF
   0         0         1         0.03      0.0044   -0       
  -0.097     1         8e-12     0.08      0.0078   -0.087   
  -0.097     1         8e-12    -0.3      -0.029    -0.04    
   0.78      0.076    -0.62     -0.032     0.14     -0.024   
   0.05      0.98      0.18      0.018    -0.042     0.22    
  -0.019     0.18     -0.98     -0.05      0.23      0.043   

CINERT
   0         0         0         0         0         0         0         0         0         0       
   4e-06     4e-06     4e-06     0         0         0         0         0         0         0.027   
   0.059     0.058     0.0026    0.00012  -0.00089   0.0079   -0.0043    0.039    -0.28      1.4     
   0.0093    0.012     0.0043    0.00035  -0.0035    0.0017   -0.043     0.017    -0.086     0.92    
   0.046     0.045     0.014    -0.0062    0.0054    0.0091   -0.093    -0.1       0.14      1.6     
   0.048     0.05      0.0025    0.00072   0.0087   -0.0035   -0.034     0.014     0.18      0.72    
   0.01      0.019     0.0094    0.00052  -0.0026   -0.0012    0.06      0.0041    0.069     0.7     
   0.0019    0.02      0.02     -0.0042    0.0031    0.00081   0.082     0.018    -0.013     0.36    
   0.0031    0.01      0.0086   -0.0025    0.0041    0.0013    0.034     0.011    -0.018     0.15    

ACTUATOR_LENGTH
   1.7     
   0.12    
   2.1     
   0.24    
   0.91    
   1.1     

ACTUATOR_MOMENT
   1         0         0         0         0         0       
   0         1         0         0         0         0       
   0         0         1         0         0         0       
   0         0         0         1         0         0       
   0         0         0         0         1         0       
   0         0         0         0         0         1       

CRB
   0         0         0         0         0         0         0         0         0         0       
   4e-06     4e-06     4e-06     0         0         0         0         0         0         0.027   
   0.18      0.21      0.061    -0.011     0.014     0.016    -2e-17     0        -1.7e-16   5.8     
   0.12      0.16      0.058    -0.011     0.015     0.0083    0.0043   -0.039     0.28      4.4     
   0.11      0.14      0.054    -0.012     0.019     0.0066    0.047    -0.056     0.36      3.5     
   0.063     0.098     0.04     -0.0054    0.013    -0.0025    0.14      0.048     0.22      1.9     
   0.015     0.048     0.038    -0.0062    0.0046    0.00097   0.18      0.033     0.037     1.2     
   0.0049    0.03      0.028    -0.0067    0.0072    0.0021    0.12      0.029    -0.031     0.5     
   0.0031    0.01      0.0086   -0.0025    0.0041    0.0013    0.034     0.011    -0.018     0.15    

QM
   0.065     0.029    -0.0043    0.0047    0.0014   -7e-05   
   0.029     0.26      0.031     0.0013    0.00049   1.6e-05 
  -0.0043    0.031     0.15      0.0053    0.011     2.9e-05 
   0.0047    0.0013    0.0053    0.0033   -1.2e-05   3.4e-05 
   0.0014    0.00049   0.011    -1.2e-05   0.0027    3.9e-06 
  -7e-05     1.6e-05   2.9e-05   3.4e-05   3.9e-06   6.3e-05 

QLD
   0.05      0.12     -0.17      1.4       0.53     -1.1     
   0.12      0.25      0.26      0.4       0.18      0.26    
  -0.17      0.26      0.1       1.6       3.9       0.47    
   1.4       0.4       1.6       0.0033   -0.0052    0.54    
   0.53      0.18      3.9      -0.0052    0.0027    0.062   
  -1.1       0.26      0.47      0.54      0.062     6.3e-05 

QLDIAGINV
   20      
   4       
   9.8     
   3e+02   
   3.7e+02 
   1.6e+04 

QLDIAGSQRTINV
   4.5     
   2       
   3.1     
   17      
   19      
   1.3e+02 

D_rownnz              6 6 6 6 6 6

D_rowadr              0 6 12 18 24 30

D_colind              0 1 2 3 4 5 0 1 2 3 4 5 0 1 2 3 4 5 0 1 2 3 4 5 0 1 2 3 4 5 0 1 2 3 4 5

B_rownnz              6 0 6 6 6 6 6 6 6

B_rowadr              0 6 6 12 18 24 30 36 42

B_colind              0 1 2 3 4 5 0 1 2 3 4 5 0 1 2 3 4 5 0 1 2 3 4 5 0 1 2 3 4 5 0 1 2 3 4 5 0 1 2 3 4 5 0 1 2 3 4 5

QDERIV
   0         0         0         0         0         0       
   0         0         0         0         0         0       
   0         0         0         0         0         0       
   0         0         0         0         0         0       
   0         0         0         0         0         0       
   0         0         0         0         0         0       

QLU
   0         0         0         0         0         0       
   0         0         0         0         0         0       
   0         0         0         0         0         0       
   0         0         0         0         0         0       
   0         0         0         0         0         0       
   0         0         0         0         0         0       

CONTACT
  0:
     dim           3
     geom          //unnamed_geom_1  rm_63_6f_description//unnamed_geom_9
     exclude       0
     efc_address   0
     solref         0.02      1       
     solimp         0.9       0.95      0.001     0.5       2       
     dist          -0.00079 
     includemargin  0       
     pos            0.26     -0.026     0.23    
     frame         -1        -1.8e-14  -8.8e-15  -1.8e-14   1        -1.6e-28   8.8e-15   0        -1       
     friction       1         1         0.005     0.0001    0.0001  
     mu             1       
  1:
     dim           3
     geom          //unnamed_geom_1  rm_63_6f_description//unnamed_geom_11
     exclude       0
     efc_address   4
     solref         0.02      1       
     solimp         0.9       0.95      0.001     0.5       2       
     dist          -0.0033  
     includemargin  0       
     pos            0.26      0.023     0.24    
     frame         -1         0         4.3e-15   0         1         0        -4.3e-15   0        -1       
     friction       1         1         0.005     0.0001    0.0001  
     mu             1       
  2:
     dim           3
     geom          //unnamed_geom_1  rm_63_6f_description//unnamed_geom_13
     exclude       0
     efc_address   8
     solref         0.02      1       
     solimp         0.9       0.95      0.001     0.5       2       
     dist          -0.006   
     includemargin  0       
     pos            0.26      0.029     0.11    
     frame         -1         0         8.7e-16   0         1         0        -8.7e-16   0        -1       
     friction       1         1         0.005     0.0001    0.0001  
     mu             1       
  3:
     dim           3
     geom          rm_63_6f_description//unnamed_geom_1  rm_63_6f_description//unnamed_geom_3
     exclude       0
     efc_address   12
     solref         0.02      1       
     solimp         0.9       0.95      0.001     0.5       2       
     dist          -0.0028  
     includemargin  0       
     pos           -0.012    -0.039     0.11    
     frame         -0.22      0.096     0.97      0.021     1        -0.094    -0.98      0        -0.22    
     friction       1         1         0.005     0.0001    0.0001  
     mu             1       

EFC_TYPE
  6
  6
  6
  6
  6
  6
  6
  6
  6
  6
  6
  6
  6
  6
  6
  6

EFC_ID
  0
  0
  0
  0
  1
  1
  1
  1
  2
  2
  2
  2
  3
  3
  3
  3

EFC_J
   0.23     -0.056     0.28      0.022     0         0       
  -0.29     -0.068     0.34      0.04      0         0       
  -0.026     0.28      0.61      0.071     0         0       
  -0.026    -0.4       0.018    -0.009     0         0       
   0.29     -0.063     0.28     -0.017     0.0064    0       
  -0.24     -0.076     0.34      0.017    -0.0041    0       
   0.023     0.28      0.61      0.0017    0.029     0       
   0.023    -0.42      0.0031   -0.002    -0.027     0       
   0.29      0.055     0.39      0.091     0.14     -0.014   
  -0.24      0.067     0.48     -0.078     0.12      0.051   
   0.029     0.41      0.74      0.0041    0.16      0.024   
   0.029    -0.29      0.13      0.0087    0.1       0.013   
  -0.02      0         0         0         0         0       
   0.0011    0         0         0         0         0       
  -0.048     0         0         0         0         0       
   0.029     0         0         0         0         0       

EFC_POS
  -0.00079 
  -0.00079 
  -0.00079 
  -0.00079 
  -0.0033  
  -0.0033  
  -0.0033  
  -0.0033  
  -0.006   
  -0.006   
  -0.006   
  -0.006   
  -0.0028  
  -0.0028  
  -0.0028  
  -0.0028  

EFC_MARGIN
   0       
   0       
   0       
   0       
   0       
   0       
   0       
   0       
   0       
   0       
   0       
   0       
   0       
   0       
   0       
   0       

EFC_FRICTIONLOSS
   0       
   0       
   0       
   0       
   0       
   0       
   0       
   0       
   0       
   0       
   0       
   0       
   0       
   0       
   0       
   0       

EFC_DIAGAPPROX
   1.3     
   1.3     
   1.3     
   1.3     
   2.4     
   2.4     
   2.4     
   2.4     
   6.9     
   6.9     
   6.9     
   6.9     
   0.09    
   0.09    
   0.09    
   0.09    

EFC_KBIP
   2.8e+03   1.1e+02   0.95     -42      
   2.8e+03   1.1e+02   0.95     -42      
   2.8e+03   1.1e+02   0.95     -42      
   2.8e+03   1.1e+02   0.95     -42      
   2.8e+03   1.1e+02   0.95      0       
   2.8e+03   1.1e+02   0.95      0       
   2.8e+03   1.1e+02   0.95      0       
   2.8e+03   1.1e+02   0.95      0       
   2.8e+03   1.1e+02   0.95      0       
   2.8e+03   1.1e+02   0.95      0       
   2.8e+03   1.1e+02   0.95      0       
   2.8e+03   1.1e+02   0.95      0       
   2.8e+03   1.1e+02   0.95      0       
   2.8e+03   1.1e+02   0.95      0       
   2.8e+03   1.1e+02   0.95      0       
   2.8e+03   1.1e+02   0.95      0       

EFC_D
   14      
   14      
   14      
   14      
   8       
   8       
   8       
   8       
   2.8     
   2.8     
   2.8     
   2.8     
   2.1e+02 
   2.1e+02 
   2.1e+02 
   2.1e+02 

EFC_R
   0.073   
   0.073   
   0.073   
   0.073   
   0.12    
   0.12    
   0.12    
   0.12    
   0.36    
   0.36    
   0.36    
   0.36    
   0.0047  
   0.0047  
   0.0047  
   0.0047  

ACTUATOR_VELOCITY
   0.0048  
  -0.0026  
  -0.0074  
   0.1     
   0.064   
   0.47    

CVEL
   0         0         0         0         0         0       
   0         0         0         0         0         0       
   0         0         0         0         0         0       
   0         0         0.0048    0.00014   2.1e-05   0       
   0.00026  -0.0026    0.0048   -6.6e-05   4.2e-07   0.00023 
   0.00098  -0.01      0.0048    0.0021    0.00022   0.00053 
   0.082    -0.0021   -0.06     -0.0012    0.014    -0.0019  
   0.085     0.061    -0.048    -4e-05     0.012     0.012   
   0.076     0.15     -0.51     -0.023     0.12      0.032   

CDOF_DOT
   0         0         0         0         0         0       
  -0.0048   -0.00047   0        -3.8e-05   0.00038   0.00015 
  -0.0048   -0.00047   3.3e-19   1.5e-05  -0.0014   -0.00085 
   0.0059    0.0044    0.0079   -0.00059   0.0016   -0.00019 
   0.059    -0.018     0.081     0.0015   -0.019    -0.0054  
  -0.051     0.085     0.017    -0.00019  -0.0015    0.023   

QFRC_BIAS
   7.8e-05 
  -9.9e-05 
  -0.00015 
   1.4e-05 
  -5.1e-06 
  -4.3e-07 

QFRC_PASSIVE
   0       
   0       
   0       
   0       
   0       
   0       

EFC_VEL
   0.0015  
   0.00045 
   0.0021  
  -0.00014 
  -0.0019  
  -0.002   
  -0.0031  
  -0.00072 
   0.01    
   0.018   
   0.016   
   0.013   
  -9.8e-05 
   5.3e-06 
  -0.00023 
   0.00014 

EFC_AREF
   1.9     
   2       
   1.8     
   2.1     
   8.8     
   8.8     
   8.9     
   8.6     
   15      
   14      
   14      
   14      
   7.4     
   7.4     
   7.4     
   7.4     

SUBTREE_LINVEL
   0         0         0       
   0         0         0       
   0         0         0       
   0         0         0       
   0         0         0       
   0         0         0       
   0         0         0       
   0         0         0       
   0         0         0       

SUBTREE_ANGMOM
   0         0         0       
   0         0         0       
   0         0         0       
   0         0         0       
   0         0         0       
   0         0         0       
   0         0         0       
   0         0         0       
   0         0         0       

ACTUATOR_FORCE
   0       
   0       
   0       
   0       
   0       
   0       

QFRC_ACTUATOR
   0       
   0       
   0       
   0       
   0       
   0       

QFRC_SMOOTH
   55      
   24      
  -1.5e+02 
  -3       
  -9.2     
   0.0094  

QACC_SMOOTH
   7.7e+02 
   1.2e+02 
  -9.7e+02 
  -5.1e+02 
  -26      
   1.7e+03 

EFC_B
  -1.1e+02 
  -5.9e+02 
  -6.2e+02 
  -85      
  -54      
  -5.4e+02 
  -5.5e+02 
  -43      
  -2.4e+02 
  -5.3e+02 
  -6.3e+02 
  -1.4e+02 
  -23      
  -6.5     
  -44      
   15      

EFC_FORCE
   1.2     
   22      
   0       
   36      
   88      
   87      
   1.1e+02 
   67      
   30      
   0       
   12      
   14      
   1.6e+03 
   1.6e+03 
   1.6e+03 
   1.5e+03 

EFC_STATE
  1
  1
  0
  1
  1
  1
  1
  1
  1
  0
  1
  1
  1
  1
  1
  1

QFRC_CONSTRAINT
  -54      
  -24      
   1.5e+02 
   3.5     
   9.1     
   0.038   

QFRC_INVERSE
   0       
   0       
   0       
   0       
   0       
   0       

CACC
   0         0         0         0         0         0       
   0         0         0         0         0         0       
   0         0         0         0         0         0       
   0         0         0         0         0         0       
   0         0         0         0         0         0       
   0         0         0         0         0         0       
   0         0         0         0         0         0       
   0         0         0         0         0         0       
   0         0         0         0         0         0       

CFRC_INT
   0         0         0         0         0         0       
   0         0         0         0         0         0       
   0         0         0         0         0         0       
   0         0         0         0         0         0       
   0         0         0         0         0         0       
   0         0         0         0         0         0       
   0         0         0         0         0         0       
   0         0         0         0         0         0       
   0         0         0         0         0         0       

CFRC_EXT
   0         0         0         0         0         0       
   0         0         0         0         0         0       
   0         0         0         0         0         0       
   0         0         0         0         0         0       
   0         0         0         0         0         0       
   0         0         0         0         0         0       
   0         0         0         0         0         0       
   0         0         0         0         0         0       
   0         0         0         0         0         0       

